# E_gamma(MeV)   Spectrum
5.145440e-01 1.524748e+19
5.413360e-01 1.788647e+19
5.695230e-01 2.088273e+19
5.991770e-01 2.333665e+19
6.303750e-01 2.495876e+19
6.631980e-01 2.584848e+19
6.977300e-01 2.621393e+19
7.340600e-01 2.618035e+19
7.722810e-01 2.585487e+19
8.124930e-01 2.531560e+19
8.547980e-01 2.463799e+19
8.993070e-01 2.385717e+19
9.461320e-01 2.300848e+19
9.953960e-01 2.210918e+19
1.047230e+00 2.118735e+19
1.101750e+00 2.025732e+19
1.159120e+00 1.933601e+19
1.219470e+00 1.842058e+19
1.282970e+00 1.751858e+19
1.349770e+00 1.664335e+19
1.420050e+00 1.579483e+19
1.493990e+00 1.497340e+19
1.571780e+00 1.418431e+19
1.653620e+00 1.341937e+19
1.739730e+00 1.268958e+19
1.830310e+00 1.199007e+19
1.925610e+00 1.132277e+19
2.025880e+00 1.068417e+19
2.131360e+00 1.007552e+19
2.242340e+00 9.497361e+18
2.359100e+00 8.945600e+18
2.481930e+00 8.423528e+18
2.611160e+00 7.928014e+18
2.747120e+00 7.457772e+18
2.890160e+00 7.012787e+18
3.040650e+00 6.591045e+18
3.198970e+00 6.192986e+18
3.365530e+00 5.816113e+18
3.540770e+00 5.459876e+18
3.725140e+00 5.124158e+18
3.919100e+00 4.807375e+18
4.123160e+00 4.508397e+18
4.337850e+00 4.227305e+18
4.563720e+00 3.962287e+18
4.801340e+00 3.714594e+18
5.051340e+00 3.481747e+18
5.314360e+00 3.262911e+18
5.591070e+00 3.058615e+18
5.882190e+00 2.867551e+18
6.188470e+00 2.689818e+18
6.510690e+00 2.524859e+18
6.849700e+00 2.372173e+18
7.206350e+00 2.231672e+18
7.581580e+00 2.102692e+18
7.976340e+00 1.985610e+18
8.391660e+00 1.879984e+18
8.828600e+00 1.785790e+18
9.288290e+00 1.702929e+18
9.771920e+00 1.631002e+18
1.028070e+01 1.570963e+18
1.081600e+01 1.519932e+18
1.137920e+01 1.477699e+18
1.197170e+01 1.443559e+18
1.259510e+01 1.414868e+18
1.325090e+01 1.390444e+18
1.394080e+01 1.367117e+18
1.466670e+01 1.343017e+18
1.543040e+01 1.315716e+18
1.623380e+01 1.281920e+18
1.707910e+01 1.241073e+18
1.796840e+01 1.191328e+18
1.890400e+01 1.134526e+18
1.988830e+01 1.070487e+18
2.092380e+01 1.000245e+18
2.201330e+01 9.243678e+17
2.315950e+01 8.416711e+17
2.436540e+01 7.576874e+17
2.563410e+01 6.744572e+17
2.696880e+01 5.977341e+17
2.837300e+01 5.288475e+17
2.985040e+01 4.682238e+17
3.140470e+01 4.145666e+17
3.303990e+01 3.654890e+17
3.476020e+01 3.207049e+17
3.657010e+01 2.793448e+17
3.847430e+01 2.409351e+17
4.047760e+01 2.061615e+17
4.258520e+01 1.742835e+17
4.480250e+01 1.456934e+17
4.713530e+01 1.212662e+17
4.958960e+01 1.004029e+17
5.217170e+01 8.352909e+16
5.488820e+01 6.980408e+16
5.774620e+01 5.875065e+16
6.075290e+01 4.977228e+16
6.391620e+01 4.207976e+16
6.724430e+01 3.559462e+16
7.074560e+01 2.996922e+16
7.442920e+01 2.504652e+16
7.830470e+01 2.077468e+16
8.238190e+01 1.696810e+16
8.667140e+01 1.366546e+16
9.118430e+01 1.089604e+16
9.593210e+01 8.621865e+15
1.009270e+02 6.861733e+15
1.061820e+02 5.460141e+15
1.117110e+02 4.358997e+15
1.175280e+02 3.473551e+15
1.236470e+02 2.740604e+15
1.300850e+02 2.130432e+15
1.368590e+02 1.617057e+15
1.439850e+02 1.200301e+15
1.514820e+02 8.660911e+14
1.593690e+02 6.059749e+14
1.676680e+02 4.158913e+14
1.763980e+02 2.782223e+14
1.855830e+02 1.827890e+14
1.952460e+02 1.194532e+14
2.054120e+02 7.639465e+13
2.161070e+02 4.849745e+13
2.273600e+02 3.030335e+13
2.391980e+02 1.846696e+13
2.516530e+02 1.106541e+13
2.647560e+02 6.245395e+12
2.785410e+02 3.369545e+12
2.930450e+02 1.777969e+12
3.083030e+02 8.774678e+11
3.243560e+02 4.248787e+11
3.412450e+02 2.011366e+11
3.590130e+02 9.191638e+10
3.777060e+02 4.101273e+10
3.973730e+02 1.654183e+10
4.180640e+02 6.105772e+09
4.398320e+02 2.293031e+09
4.627330e+02 8.152723e+08
4.868270e+02 2.768803e+08
5.121760e+02 8.341688e+07
5.388440e+02 2.277847e+07
5.669010e+02 6.732988e+06
5.964180e+02 1.654059e+06
6.274730e+02 3.613204e+05
6.601450e+02 8.427445e+04
6.945180e+02 1.552652e+04
7.306800e+02 2.902941e+03
7.687260e+02 4.875546e+02
8.087520e+02 6.575079e+01
8.508630e+02 9.881916e+00
8.951660e+02 1.159076e+00
9.417770e+02 1.167307e-01
9.908140e+02 1.414549e-02
1.042400e+03 7.859853e-04
1.096680e+03 6.678506e-05
1.153780e+03 4.330387e-06
1.213860e+03 2.138440e-07
1.277060e+03 1.157760e-08
1.343560e+03 4.344414e-10
1.413520e+03 1.726987e-11
1.487120e+03 5.166931e-13
1.564550e+03 1.155801e-14
1.646010e+03 2.495946e-16
1.731720e+03 4.670302e-18
1.821890e+03 5.822586e-20
1.916750e+03 6.262089e-22
2.016550e+03 5.930375e-24
2.121550e+03 3.782581e-26
2.232020e+03 1.960032e-28
2.348230e+03 8.175193e-31
2.470500e+03 2.376205e-33
2.599140e+03 5.083017e-36
2.734470e+03 8.765736e-39
2.876850e+03 9.254720e-42
3.026650e+03 7.972340e-45
3.184240e+03 4.195156e-48
3.350040e+03 1.588815e-51
3.524470e+03 4.343749e-55
3.707990e+03 6.171665e-59
3.901060e+03 6.680605e-63
4.104180e+03 4.143922e-67
4.317880e+03 1.560717e-71
4.542710e+03 3.857880e-76
4.779240e+03 4.953115e-81
5.028090e+03 3.369481e-86
5.289890e+03 5.238956e-91
5.565330e+03 6.240361e-97
5.855110e+03 4.105957e-103
6.159980e+03 1.314891e-109
6.480720e+03 3.060110e-116
6.818160e+03 2.114906e-121
7.173170e+03 4.720200e-128
7.546670e+03 1.085970e-135
7.939620e+03 2.389813e-146
8.353020e+03 1.847615e-151
8.787950e+03 6.021475e-160
9.245530e+03 1.695042e-169
9.726930e+03 1.714280e-178
1.023340e+04 1.200741e-188
1.076620e+04 7.068143e-198
1.132680e+04 4.046400e-209
1.191660e+04 3.111426e-227
1.253710e+04 2.469995e-241
1.318990e+04 7.839442e-255
1.387660e+04 5.468684e-259
1.459920e+04 1.552848e-272
1.535930e+04 8.832996e-281
1.615910e+04 2.688553e-290
1.700050e+04 0.000000e+00
1.788570e+04 0.000000e+00
1.881690e+04 0.000000e+00
1.979670e+04 0.000000e+00
2.082750e+04 0.000000e+00
2.191200e+04 0.000000e+00
2.305290e+04 0.000000e+00
2.425320e+04 0.000000e+00
2.551610e+04 0.000000e+00
2.684460e+04 0.000000e+00
2.824240e+04 0.000000e+00
2.971300e+04 0.000000e+00
3.126010e+04 0.000000e+00
3.288770e+04 0.000000e+00
3.460020e+04 0.000000e+00
3.640170e+04 0.000000e+00
3.829710e+04 0.000000e+00
4.029120e+04 0.000000e+00
4.238910e+04 0.000000e+00
4.459630e+04 0.000000e+00
4.691830e+04 0.000000e+00
4.936130e+04 0.000000e+00
5.193150e+04 0.000000e+00
5.463550e+04 0.000000e+00
5.748030e+04 0.000000e+00
6.047320e+04 0.000000e+00
6.362200e+04 0.000000e+00
6.693470e+04 0.000000e+00
7.041990e+04 0.000000e+00
7.408660e+04 0.000000e+00
7.794420e+04 0.000000e+00
8.200260e+04 0.000000e+00
8.627240e+04 0.000000e+00
9.076450e+04 0.000000e+00
9.549040e+04 0.000000e+00
1.004630e+05 0.000000e+00
1.056930e+05 0.000000e+00
1.111970e+05 0.000000e+00
1.169870e+05 0.000000e+00
1.230780e+05 0.000000e+00
1.294860e+05 0.000000e+00
1.362290e+05 0.000000e+00
1.433220e+05 0.000000e+00
1.507850e+05 0.000000e+00
1.586360e+05 0.000000e+00
1.668960e+05 0.000000e+00
1.755860e+05 0.000000e+00
1.847280e+05 0.000000e+00
1.943470e+05 0.000000e+00
2.044660e+05 0.000000e+00
2.151120e+05 0.000000e+00
2.263130e+05 0.000000e+00
2.380970e+05 0.000000e+00
2.504940e+05 0.000000e+00
2.635370e+05 0.000000e+00
2.772590e+05 0.000000e+00
2.916960e+05 0.000000e+00
3.068840e+05 0.000000e+00
3.228630e+05 0.000000e+00
3.396740e+05 0.000000e+00
3.573600e+05 0.000000e+00
3.759670e+05 0.000000e+00
3.955440e+05 0.000000e+00
4.161390e+05 0.000000e+00
4.378070e+05 0.000000e+00
4.606030e+05 0.000000e+00
4.845860e+05 0.000000e+00
5.098180e+05 0.000000e+00
5.363630e+05 0.000000e+00
5.642910e+05 0.000000e+00
5.936730e+05 0.000000e+00
6.245840e+05 0.000000e+00
6.571060e+05 0.000000e+00
6.913200e+05 0.000000e+00
7.273170e+05 0.000000e+00
7.651870e+05 0.000000e+00
8.050290e+05 0.000000e+00
8.469460e+05 0.000000e+00
8.910450e+05 0.000000e+00
9.374410e+05 0.000000e+00
9.862520e+05 0.000000e+00
1.037610e+06 0.000000e+00
1.091630e+06 0.000000e+00
1.148470e+06 0.000000e+00
1.208270e+06 0.000000e+00
1.271180e+06 0.000000e+00
1.337370e+06 0.000000e+00
1.407010e+06 0.000000e+00
1.480270e+06 0.000000e+00
1.557340e+06 0.000000e+00
1.638430e+06 0.000000e+00
1.723740e+06 0.000000e+00
1.813500e+06 0.000000e+00
1.907920e+06 0.000000e+00
2.007270e+06 0.000000e+00
2.111780e+06 0.000000e+00
2.221740e+06 0.000000e+00
2.337420e+06 0.000000e+00
2.459130e+06 0.000000e+00
2.587170e+06 0.000000e+00
2.721880e+06 0.000000e+00
2.863610e+06 0.000000e+00
3.012710e+06 0.000000e+00
3.169580e+06 0.000000e+00
3.334620e+06 0.000000e+00
3.508250e+06 0.000000e+00
3.690920e+06 0.000000e+00
3.883100e+06 0.000000e+00
4.085290e+06 0.000000e+00
4.298000e+06 0.000000e+00
4.521790e+06 0.000000e+00
4.757240e+06 0.000000e+00
5.004940e+06 0.000000e+00
5.265540e+06 0.000000e+00
5.539710e+06 0.000000e+00
5.828150e+06 0.000000e+00
6.131620e+06 0.000000e+00
6.450880e+06 0.000000e+00
6.786770e+06 0.000000e+00
7.140150e+06 0.000000e+00
7.511930e+06 0.000000e+00
7.903070e+06 0.000000e+00
8.314570e+06 0.000000e+00
8.747500e+06 0.000000e+00
9.202970e+06 0.000000e+00
9.682150e+06 0.000000e+00
1.018630e+07 0.000000e+00
1.071670e+07 0.000000e+00
1.127470e+07 0.000000e+00
1.186170e+07 0.000000e+00
1.247940e+07 0.000000e+00
1.312910e+07 0.000000e+00
1.381280e+07 0.000000e+00
1.453200e+07 0.000000e+00
1.528860e+07 0.000000e+00
1.608470e+07 0.000000e+00
1.692220e+07 0.000000e+00
1.780330e+07 0.000000e+00
1.873030e+07 0.000000e+00
1.970560e+07 0.000000e+00
2.073160e+07 0.000000e+00
2.181110e+07 0.000000e+00
2.294680e+07 0.000000e+00
2.414160e+07 0.000000e+00
2.539860e+07 0.000000e+00
2.672110e+07 0.000000e+00
2.811240e+07 0.000000e+00
2.957620e+07 0.000000e+00
3.111620e+07 0.000000e+00
3.273630e+07 0.000000e+00
3.444090e+07 0.000000e+00
3.623420e+07 0.000000e+00
3.812080e+07 0.000000e+00
4.010570e+07 0.000000e+00
4.219400e+07 0.000000e+00
4.439100e+07 0.000000e+00
4.670230e+07 0.000000e+00
4.913410e+07 0.000000e+00
5.169240e+07 0.000000e+00
5.438400e+07 0.000000e+00
5.721570e+07 0.000000e+00
6.019480e+07 0.000000e+00
6.332910e+07 0.000000e+00
6.662650e+07 0.000000e+00
7.009570e+07 0.000000e+00
7.374550e+07 0.000000e+00
7.758530e+07 0.000000e+00
8.162510e+07 0.000000e+00
8.587520e+07 0.000000e+00
9.034660e+07 0.000000e+00
9.505080e+07 0.000000e+00
1.000000e+08 0.000000e+00
