# Mean mass (g): 3.05e+15
1 5.328954e+14
2 6.566928e+14
3 7.362768e+14
4 7.804901e+14
5 8.423888e+14
6 8.954448e+14
7 9.087088e+14
8 9.529222e+14
9 9.706075e+14
10 9.971355e+14
11 9.971355e+14
12 1.010400e+15
13 1.028085e+15
14 1.036928e+15
15 1.067877e+15
16 1.067877e+15
17 1.076720e+15
18 1.112090e+15
19 1.125354e+15
20 1.143040e+15
21 1.169568e+15
22 1.178410e+15
23 1.182832e+15
24 1.191674e+15
25 1.200517e+15
26 1.204938e+15
27 1.235888e+15
28 1.249152e+15
29 1.253573e+15
30 1.257994e+15
31 1.266837e+15
32 1.284522e+15
33 1.293365e+15
34 1.333157e+15
35 1.350842e+15
36 1.355264e+15
37 1.364106e+15
38 1.377370e+15
39 1.377370e+15
40 1.390634e+15
41 1.399477e+15
42 1.408320e+15
43 1.412741e+15
44 1.443690e+15
45 1.448112e+15
46 1.456954e+15
47 1.496746e+15
48 1.496746e+15
49 1.518853e+15
50 1.527696e+15
51 1.536538e+15
52 1.536538e+15
53 1.540960e+15
54 1.549802e+15
55 1.549802e+15
56 1.554224e+15
57 1.554224e+15
58 1.571909e+15
59 1.576330e+15
60 1.576330e+15
61 1.576330e+15
62 1.576330e+15
63 1.580752e+15
64 1.585173e+15
65 1.602858e+15
66 1.607280e+15
67 1.624965e+15
68 1.642650e+15
69 1.642650e+15
70 1.647072e+15
71 1.651493e+15
72 1.655914e+15
73 1.655914e+15
74 1.664757e+15
75 1.664757e+15
76 1.669178e+15
77 1.678021e+15
78 1.682442e+15
79 1.682442e+15
80 1.695706e+15
81 1.708970e+15
82 1.708970e+15
83 1.713392e+15
84 1.717813e+15
85 1.717813e+15
86 1.766448e+15
87 1.766448e+15
88 1.770869e+15
89 1.770869e+15
90 1.775290e+15
91 1.775290e+15
92 1.779712e+15
93 1.784133e+15
94 1.788554e+15
95 1.788554e+15
96 1.788554e+15
97 1.788554e+15
98 1.797397e+15
99 1.801818e+15
100 1.810661e+15
101 1.819504e+15
102 1.823925e+15
103 1.823925e+15
104 1.828346e+15
105 1.832768e+15
106 1.837189e+15
107 1.841610e+15
108 1.863717e+15
109 1.872560e+15
110 1.881402e+15
111 1.885824e+15
112 1.885824e+15
113 1.890245e+15
114 1.894666e+15
115 1.894666e+15
116 1.894666e+15
117 1.894666e+15
118 1.907930e+15
119 1.912352e+15
120 1.916773e+15
121 1.921194e+15
122 1.925616e+15
123 1.930037e+15
124 1.934458e+15
125 1.938880e+15
126 1.947722e+15
127 1.947722e+15
128 1.952144e+15
129 1.952144e+15
130 1.956565e+15
131 1.956565e+15
132 1.956565e+15
133 1.960986e+15
134 1.960986e+15
135 1.965408e+15
136 1.965408e+15
137 1.969829e+15
138 1.974250e+15
139 1.978672e+15
140 1.991936e+15
141 1.996357e+15
142 1.996357e+15
143 2.009621e+15
144 2.009621e+15
145 2.014042e+15
146 2.018464e+15
147 2.027306e+15
148 2.027306e+15
149 2.027306e+15
150 2.031728e+15
151 2.031728e+15
152 2.031728e+15
153 2.031728e+15
154 2.036149e+15
155 2.036149e+15
156 2.036149e+15
157 2.044992e+15
158 2.058256e+15
159 2.062677e+15
160 2.067098e+15
161 2.067098e+15
162 2.071520e+15
163 2.071520e+15
164 2.075941e+15
165 2.084784e+15
166 2.084784e+15
167 2.084784e+15
168 2.089205e+15
169 2.089205e+15
170 2.093626e+15
171 2.098048e+15
172 2.098048e+15
173 2.098048e+15
174 2.098048e+15
175 2.102469e+15
176 2.106890e+15
177 2.111312e+15
178 2.115733e+15
179 2.120154e+15
180 2.124576e+15
181 2.128997e+15
182 2.133418e+15
183 2.133418e+15
184 2.137840e+15
185 2.146682e+15
186 2.151104e+15
187 2.155525e+15
188 2.159946e+15
189 2.159946e+15
190 2.164368e+15
191 2.173210e+15
192 2.173210e+15
193 2.186474e+15
194 2.195317e+15
195 2.195317e+15
196 2.195317e+15
197 2.199738e+15
198 2.199738e+15
199 2.204160e+15
200 2.213002e+15
201 2.213002e+15
202 2.226266e+15
203 2.226266e+15
204 2.235109e+15
205 2.235109e+15
206 2.239530e+15
207 2.243952e+15
208 2.243952e+15
209 2.248373e+15
210 2.252794e+15
211 2.252794e+15
212 2.252794e+15
213 2.261637e+15
214 2.274901e+15
215 2.274901e+15
216 2.279322e+15
217 2.283744e+15
218 2.288165e+15
219 2.292586e+15
220 2.292586e+15
221 2.292586e+15
222 2.297008e+15
223 2.297008e+15
224 2.301429e+15
225 2.301429e+15
226 2.301429e+15
227 2.301429e+15
228 2.301429e+15
229 2.305850e+15
230 2.305850e+15
231 2.310272e+15
232 2.314693e+15
233 2.314693e+15
234 2.332379e+15
235 2.332379e+15
236 2.336800e+15
237 2.341221e+15
238 2.345643e+15
239 2.345643e+15
240 2.345643e+15
241 2.350064e+15
242 2.358907e+15
243 2.363328e+15
244 2.363328e+15
245 2.367749e+15
246 2.376592e+15
247 2.376592e+15
248 2.381013e+15
249 2.381013e+15
250 2.385435e+15
251 2.385435e+15
252 2.385435e+15
253 2.389856e+15
254 2.398699e+15
255 2.403120e+15
256 2.403120e+15
257 2.407541e+15
258 2.407541e+15
259 2.411963e+15
260 2.420805e+15
261 2.429648e+15
262 2.434069e+15
263 2.434069e+15
264 2.438491e+15
265 2.438491e+15
266 2.442912e+15
267 2.447333e+15
268 2.451755e+15
269 2.451755e+15
270 2.451755e+15
271 2.465019e+15
272 2.465019e+15
273 2.465019e+15
274 2.465019e+15
275 2.469440e+15
276 2.478283e+15
277 2.482704e+15
278 2.487125e+15
279 2.487125e+15
280 2.487125e+15
281 2.487125e+15
282 2.495968e+15
283 2.500389e+15
284 2.500389e+15
285 2.500389e+15
286 2.504811e+15
287 2.509232e+15
288 2.509232e+15
289 2.513653e+15
290 2.522496e+15
291 2.526917e+15
292 2.531339e+15
293 2.531339e+15
294 2.535760e+15
295 2.535760e+15
296 2.540181e+15
297 2.540181e+15
298 2.540181e+15
299 2.544603e+15
300 2.544603e+15
301 2.549024e+15
302 2.549024e+15
303 2.553445e+15
304 2.553445e+15
305 2.562288e+15
306 2.562288e+15
307 2.562288e+15
308 2.566709e+15
309 2.566709e+15
310 2.571131e+15
311 2.571131e+15
312 2.575552e+15
313 2.575552e+15
314 2.584395e+15
315 2.584395e+15
316 2.588816e+15
317 2.588816e+15
318 2.593237e+15
319 2.593237e+15
320 2.597659e+15
321 2.597659e+15
322 2.597659e+15
323 2.597659e+15
324 2.597659e+15
325 2.597659e+15
326 2.602080e+15
327 2.602080e+15
328 2.606501e+15
329 2.610923e+15
330 2.610923e+15
331 2.610923e+15
332 2.615344e+15
333 2.615344e+15
334 2.624187e+15
335 2.624187e+15
336 2.624187e+15
337 2.628608e+15
338 2.628608e+15
339 2.628608e+15
340 2.628608e+15
341 2.633029e+15
342 2.641872e+15
343 2.646293e+15
344 2.650715e+15
345 2.650715e+15
346 2.650715e+15
347 2.655136e+15
348 2.659557e+15
349 2.663979e+15
350 2.663979e+15
351 2.663979e+15
352 2.668400e+15
353 2.668400e+15
354 2.668400e+15
355 2.668400e+15
356 2.681664e+15
357 2.681664e+15
358 2.686085e+15
359 2.686085e+15
360 2.686085e+15
361 2.690507e+15
362 2.699349e+15
363 2.699349e+15
364 2.703771e+15
365 2.708192e+15
366 2.708192e+15
367 2.708192e+15
368 2.708192e+15
369 2.712613e+15
370 2.712613e+15
371 2.717035e+15
372 2.717035e+15
373 2.721456e+15
374 2.725877e+15
375 2.725877e+15
376 2.730299e+15
377 2.730299e+15
378 2.734720e+15
379 2.739141e+15
380 2.739141e+15
381 2.743563e+15
382 2.743563e+15
383 2.743563e+15
384 2.752405e+15
385 2.752405e+15
386 2.752405e+15
387 2.756827e+15
388 2.761248e+15
389 2.761248e+15
390 2.761248e+15
391 2.765669e+15
392 2.770091e+15
393 2.770091e+15
394 2.770091e+15
395 2.770091e+15
396 2.774512e+15
397 2.778933e+15
398 2.783355e+15
399 2.783355e+15
400 2.787776e+15
401 2.792197e+15
402 2.796619e+15
403 2.796619e+15
404 2.796619e+15
405 2.801040e+15
406 2.801040e+15
407 2.814304e+15
408 2.818725e+15
409 2.823147e+15
410 2.823147e+15
411 2.823147e+15
412 2.827568e+15
413 2.827568e+15
414 2.831989e+15
415 2.836411e+15
416 2.840832e+15
417 2.840832e+15
418 2.840832e+15
419 2.849675e+15
420 2.849675e+15
421 2.858517e+15
422 2.858517e+15
423 2.867360e+15
424 2.867360e+15
425 2.867360e+15
426 2.871781e+15
427 2.871781e+15
428 2.871781e+15
429 2.871781e+15
430 2.871781e+15
431 2.871781e+15
432 2.871781e+15
433 2.876203e+15
434 2.880624e+15
435 2.885045e+15
436 2.885045e+15
437 2.885045e+15
438 2.889467e+15
439 2.893888e+15
440 2.893888e+15
441 2.898309e+15
442 2.898309e+15
443 2.898309e+15
444 2.898309e+15
445 2.898309e+15
446 2.902731e+15
447 2.902731e+15
448 2.911573e+15
449 2.915995e+15
450 2.915995e+15
451 2.915995e+15
452 2.920416e+15
453 2.924837e+15
454 2.929259e+15
455 2.929259e+15
456 2.929259e+15
457 2.929259e+15
458 2.933680e+15
459 2.933680e+15
460 2.933680e+15
461 2.938101e+15
462 2.938101e+15
463 2.938101e+15
464 2.938101e+15
465 2.942523e+15
466 2.942523e+15
467 2.942523e+15
468 2.946944e+15
469 2.951365e+15
470 2.951365e+15
471 2.951365e+15
472 2.955787e+15
473 2.955787e+15
474 2.960208e+15
475 2.964629e+15
476 2.964629e+15
477 2.964629e+15
478 2.977893e+15
479 2.982315e+15
480 2.982315e+15
481 2.991157e+15
482 2.995579e+15
483 3.000000e+15
484 3.000000e+15
485 3.000000e+15
486 3.000000e+15
487 3.008843e+15
488 3.017685e+15
489 3.017685e+15
490 3.022107e+15
491 3.022107e+15
492 3.026528e+15
493 3.026528e+15
494 3.026528e+15
495 3.030949e+15
496 3.030949e+15
497 3.030949e+15
498 3.030949e+15
499 3.035371e+15
500 3.035371e+15
501 3.039792e+15
502 3.044213e+15
503 3.048635e+15
504 3.053056e+15
505 3.053056e+15
506 3.053056e+15
507 3.053056e+15
508 3.057477e+15
509 3.057477e+15
510 3.057477e+15
511 3.057477e+15
512 3.061899e+15
513 3.066320e+15
514 3.066320e+15
515 3.066320e+15
516 3.070741e+15
517 3.075163e+15
518 3.079584e+15
519 3.079584e+15
520 3.084005e+15
521 3.084005e+15
522 3.084005e+15
523 3.088427e+15
524 3.088427e+15
525 3.088427e+15
526 3.088427e+15
527 3.092848e+15
528 3.101691e+15
529 3.101691e+15
530 3.101691e+15
531 3.106112e+15
532 3.110533e+15
533 3.110533e+15
534 3.110533e+15
535 3.114955e+15
536 3.114955e+15
537 3.119376e+15
538 3.119376e+15
539 3.123797e+15
540 3.128219e+15
541 3.128219e+15
542 3.132640e+15
543 3.137061e+15
544 3.137061e+15
545 3.141483e+15
546 3.141483e+15
547 3.145904e+15
548 3.145904e+15
549 3.150325e+15
550 3.150325e+15
551 3.150325e+15
552 3.150325e+15
553 3.154747e+15
554 3.163589e+15
555 3.172432e+15
556 3.176853e+15
557 3.185696e+15
558 3.185696e+15
559 3.190117e+15
560 3.198960e+15
561 3.198960e+15
562 3.198960e+15
563 3.198960e+15
564 3.198960e+15
565 3.203381e+15
566 3.207803e+15
567 3.207803e+15
568 3.207803e+15
569 3.212224e+15
570 3.216645e+15
571 3.216645e+15
572 3.221067e+15
573 3.221067e+15
574 3.221067e+15
575 3.225488e+15
576 3.225488e+15
577 3.229909e+15
578 3.234331e+15
579 3.234331e+15
580 3.238752e+15
581 3.238752e+15
582 3.238752e+15
583 3.243173e+15
584 3.247595e+15
585 3.247595e+15
586 3.252016e+15
587 3.252016e+15
588 3.252016e+15
589 3.252016e+15
590 3.256437e+15
591 3.260859e+15
592 3.260859e+15
593 3.260859e+15
594 3.265280e+15
595 3.265280e+15
596 3.269701e+15
597 3.278544e+15
598 3.278544e+15
599 3.282965e+15
600 3.282965e+15
601 3.287387e+15
602 3.287387e+15
603 3.287387e+15
604 3.287387e+15
605 3.291808e+15
606 3.300651e+15
607 3.300651e+15
608 3.300651e+15
609 3.305072e+15
610 3.309493e+15
611 3.309493e+15
612 3.309493e+15
613 3.322757e+15
614 3.322757e+15
615 3.322757e+15
616 3.327179e+15
617 3.327179e+15
618 3.327179e+15
619 3.336021e+15
620 3.344864e+15
621 3.344864e+15
622 3.344864e+15
623 3.353707e+15
624 3.353707e+15
625 3.353707e+15
626 3.358128e+15
627 3.358128e+15
628 3.362549e+15
629 3.362549e+15
630 3.366971e+15
631 3.366971e+15
632 3.371392e+15
633 3.375813e+15
634 3.375813e+15
635 3.380235e+15
636 3.384656e+15
637 3.384656e+15
638 3.384656e+15
639 3.384656e+15
640 3.384656e+15
641 3.389077e+15
642 3.389077e+15
643 3.393499e+15
644 3.402341e+15
645 3.406763e+15
646 3.406763e+15
647 3.415605e+15
648 3.415605e+15
649 3.415605e+15
650 3.420027e+15
651 3.424448e+15
652 3.424448e+15
653 3.428869e+15
654 3.433291e+15
655 3.437712e+15
656 3.437712e+15
657 3.437712e+15
658 3.437712e+15
659 3.437712e+15
660 3.446555e+15
661 3.446555e+15
662 3.450976e+15
663 3.455397e+15
664 3.459819e+15
665 3.464240e+15
666 3.468661e+15
667 3.468661e+15
668 3.473083e+15
669 3.477504e+15
670 3.481925e+15
671 3.481925e+15
672 3.481925e+15
673 3.481925e+15
674 3.481925e+15
675 3.486347e+15
676 3.486347e+15
677 3.490768e+15
678 3.490768e+15
679 3.490768e+15
680 3.490768e+15
681 3.495189e+15
682 3.495189e+15
683 3.495189e+15
684 3.504032e+15
685 3.508453e+15
686 3.512875e+15
687 3.512875e+15
688 3.512875e+15
689 3.517296e+15
690 3.517296e+15
691 3.517296e+15
692 3.517296e+15
693 3.521717e+15
694 3.521717e+15
695 3.526139e+15
696 3.526139e+15
697 3.526139e+15
698 3.530560e+15
699 3.530560e+15
700 3.534981e+15
701 3.534981e+15
702 3.534981e+15
703 3.534981e+15
704 3.539403e+15
705 3.552667e+15
706 3.557088e+15
707 3.557088e+15
708 3.561509e+15
709 3.570352e+15
710 3.579195e+15
711 3.583616e+15
712 3.583616e+15
713 3.588037e+15
714 3.592459e+15
715 3.596880e+15
716 3.596880e+15
717 3.596880e+15
718 3.601301e+15
719 3.601301e+15
720 3.605723e+15
721 3.605723e+15
722 3.605723e+15
723 3.605723e+15
724 3.610144e+15
725 3.610144e+15
726 3.614565e+15
727 3.623408e+15
728 3.627829e+15
729 3.632251e+15
730 3.632251e+15
731 3.636672e+15
732 3.641093e+15
733 3.641093e+15
734 3.641093e+15
735 3.645515e+15
736 3.654357e+15
737 3.658779e+15
738 3.658779e+15
739 3.658779e+15
740 3.663200e+15
741 3.663200e+15
742 3.667621e+15
743 3.667621e+15
744 3.672043e+15
745 3.676464e+15
746 3.676464e+15
747 3.685307e+15
748 3.685307e+15
749 3.685307e+15
750 3.689728e+15
751 3.694150e+15
752 3.694150e+15
753 3.694150e+15
754 3.702992e+15
755 3.702992e+15
756 3.702992e+15
757 3.702992e+15
758 3.702992e+15
759 3.707414e+15
760 3.707414e+15
761 3.711835e+15
762 3.711835e+15
763 3.716256e+15
764 3.720678e+15
765 3.720678e+15
766 3.725099e+15
767 3.725099e+15
768 3.729520e+15
769 3.729520e+15
770 3.738363e+15
771 3.738363e+15
772 3.742784e+15
773 3.747206e+15
774 3.751627e+15
775 3.760470e+15
776 3.764891e+15
777 3.764891e+15
778 3.769312e+15
779 3.778155e+15
780 3.782576e+15
781 3.782576e+15
782 3.791419e+15
783 3.791419e+15
784 3.795840e+15
785 3.795840e+15
786 3.800262e+15
787 3.800262e+15
788 3.804683e+15
789 3.809104e+15
790 3.809104e+15
791 3.817947e+15
792 3.817947e+15
793 3.822368e+15
794 3.826790e+15
795 3.826790e+15
796 3.826790e+15
797 3.831211e+15
798 3.840054e+15
799 3.840054e+15
800 3.848896e+15
801 3.853318e+15
802 3.853318e+15
803 3.853318e+15
804 3.857739e+15
805 3.857739e+15
806 3.871003e+15
807 3.875424e+15
808 3.879846e+15
809 3.884267e+15
810 3.888688e+15
811 3.893110e+15
812 3.893110e+15
813 3.897531e+15
814 3.901952e+15
815 3.906374e+15
816 3.910795e+15
817 3.915216e+15
818 3.924059e+15
819 3.932902e+15
820 3.937323e+15
821 3.937323e+15
822 3.941744e+15
823 3.941744e+15
824 3.946166e+15
825 3.955008e+15
826 3.955008e+15
827 3.959430e+15
828 3.963851e+15
829 3.963851e+15
830 3.968272e+15
831 3.981536e+15
832 3.994800e+15
833 3.994800e+15
834 3.999222e+15
835 4.003643e+15
836 4.003643e+15
837 4.008064e+15
838 4.012486e+15
839 4.012486e+15
840 4.012486e+15
841 4.025750e+15
842 4.025750e+15
843 4.030171e+15
844 4.034592e+15
845 4.034592e+15
846 4.039014e+15
847 4.047856e+15
848 4.052278e+15
849 4.074384e+15
850 4.074384e+15
851 4.092070e+15
852 4.096491e+15
853 4.096491e+15
854 4.096491e+15
855 4.100912e+15
856 4.105334e+15
857 4.105334e+15
858 4.109755e+15
859 4.114176e+15
860 4.114176e+15
861 4.118598e+15
862 4.118598e+15
863 4.136283e+15
864 4.140704e+15
865 4.140704e+15
866 4.145126e+15
867 4.145126e+15
868 4.145126e+15
869 4.153968e+15
870 4.153968e+15
871 4.158390e+15
872 4.158390e+15
873 4.158390e+15
874 4.167232e+15
875 4.184918e+15
876 4.184918e+15
877 4.184918e+15
878 4.184918e+15
879 4.189339e+15
880 4.202603e+15
881 4.207024e+15
882 4.207024e+15
883 4.207024e+15
884 4.220288e+15
885 4.237974e+15
886 4.251238e+15
887 4.255659e+15
888 4.260080e+15
889 4.260080e+15
890 4.268923e+15
891 4.268923e+15
892 4.277766e+15
893 4.282187e+15
894 4.286608e+15
895 4.299872e+15
896 4.304294e+15
897 4.308715e+15
898 4.308715e+15
899 4.308715e+15
900 4.313136e+15
901 4.313136e+15
902 4.313136e+15
903 4.317558e+15
904 4.330822e+15
905 4.330822e+15
906 4.330822e+15
907 4.330822e+15
908 4.330822e+15
909 4.330822e+15
910 4.335243e+15
911 4.348507e+15
912 4.348507e+15
913 4.357350e+15
914 4.357350e+15
915 4.361771e+15
916 4.361771e+15
917 4.366192e+15
918 4.370614e+15
919 4.375035e+15
920 4.379456e+15
921 4.383878e+15
922 4.392720e+15
923 4.392720e+15
924 4.397142e+15
925 4.423670e+15
926 4.454619e+15
927 4.459040e+15
928 4.463462e+15
929 4.463462e+15
930 4.476726e+15
931 4.512096e+15
932 4.512096e+15
933 4.529782e+15
934 4.547467e+15
935 4.551888e+15
936 4.556310e+15
937 4.556310e+15
938 4.578416e+15
939 4.596102e+15
940 4.604944e+15
941 4.613787e+15
942 4.618208e+15
943 4.622630e+15
944 4.627051e+15
945 4.635894e+15
946 4.635894e+15
947 4.644736e+15
948 4.653579e+15
949 4.666843e+15
950 4.666843e+15
951 4.671264e+15
952 4.680107e+15
953 4.680107e+15
954 4.702214e+15
955 4.711056e+15
956 4.728742e+15
957 4.737584e+15
958 4.742006e+15
959 4.750848e+15
960 4.768534e+15
961 4.772955e+15
962 4.786219e+15
963 4.799483e+15
964 4.803904e+15
965 4.874646e+15
966 4.945387e+15
967 4.949808e+15
968 4.976336e+15
969 4.980758e+15
970 4.985179e+15
971 4.985179e+15
972 4.989600e+15
973 4.989600e+15
974 4.998443e+15
975 5.016128e+15
976 5.038235e+15
977 5.069185e+15
978 5.069185e+15
979 5.091291e+15
980 5.113398e+15
981 5.135505e+15
982 5.148769e+15
983 5.162033e+15
984 5.197403e+15
985 5.206246e+15
986 5.210667e+15
987 5.219510e+15
988 5.259302e+15
989 5.294673e+15
990 5.352150e+15
991 5.352150e+15
992 5.369835e+15
993 5.396363e+15
994 5.444998e+15
995 5.568795e+15
996 5.573217e+15
997 5.670486e+15
998 5.922502e+15
999 6.099355e+15
1000 6.541489e+15
