# Mean mass (g): 3.04e+15
1 2.309776e+15
2 2.371320e+15
3 2.382969e+15
4 2.383234e+15
5 2.391082e+15
6 2.394571e+15
7 2.401539e+15
8 2.404341e+15
9 2.407596e+15
10 2.415056e+15
11 2.419845e+15
12 2.423487e+15
13 2.426994e+15
14 2.436347e+15
15 2.457148e+15
16 2.458237e+15
17 2.460235e+15
18 2.460778e+15
19 2.461060e+15
20 2.462529e+15
21 2.466058e+15
22 2.479762e+15
23 2.480727e+15
24 2.483312e+15
25 2.487104e+15
26 2.487842e+15
27 2.488988e+15
28 2.489782e+15
29 2.493335e+15
30 2.499502e+15
31 2.501502e+15
32 2.504241e+15
33 2.521395e+15
34 2.522371e+15
35 2.526338e+15
36 2.528740e+15
37 2.530203e+15
38 2.531780e+15
39 2.533150e+15
40 2.533718e+15
41 2.535812e+15
42 2.537145e+15
43 2.538694e+15
44 2.549427e+15
45 2.551689e+15
46 2.558153e+15
47 2.558271e+15
48 2.559541e+15
49 2.561114e+15
50 2.564008e+15
51 2.564074e+15
52 2.566137e+15
53 2.569715e+15
54 2.586016e+15
55 2.587770e+15
56 2.588028e+15
57 2.591090e+15
58 2.593732e+15
59 2.598630e+15
60 2.599772e+15
61 2.600822e+15
62 2.601541e+15
63 2.602126e+15
64 2.602195e+15
65 2.605700e+15
66 2.606005e+15
67 2.606776e+15
68 2.609535e+15
69 2.610175e+15
70 2.618351e+15
71 2.618959e+15
72 2.620858e+15
73 2.621167e+15
74 2.623449e+15
75 2.623822e+15
76 2.625453e+15
77 2.633782e+15
78 2.636095e+15
79 2.636242e+15
80 2.636394e+15
81 2.636690e+15
82 2.636751e+15
83 2.637502e+15
84 2.637897e+15
85 2.639224e+15
86 2.640307e+15
87 2.640928e+15
88 2.643846e+15
89 2.646121e+15
90 2.646167e+15
91 2.647034e+15
92 2.648634e+15
93 2.650855e+15
94 2.650942e+15
95 2.653027e+15
96 2.653412e+15
97 2.653782e+15
98 2.654123e+15
99 2.655051e+15
100 2.656299e+15
101 2.657881e+15
102 2.658312e+15
103 2.659739e+15
104 2.661984e+15
105 2.663520e+15
106 2.665821e+15
107 2.667647e+15
108 2.668972e+15
109 2.670096e+15
110 2.674305e+15
111 2.674577e+15
112 2.677428e+15
113 2.679322e+15
114 2.679556e+15
115 2.680604e+15
116 2.683683e+15
117 2.683996e+15
118 2.684352e+15
119 2.685385e+15
120 2.687032e+15
121 2.687415e+15
122 2.687507e+15
123 2.689769e+15
124 2.690286e+15
125 2.692264e+15
126 2.692808e+15
127 2.694602e+15
128 2.696899e+15
129 2.697203e+15
130 2.697380e+15
131 2.697602e+15
132 2.698486e+15
133 2.699358e+15
134 2.701496e+15
135 2.701535e+15
136 2.702252e+15
137 2.704609e+15
138 2.706969e+15
139 2.708054e+15
140 2.709316e+15
141 2.709794e+15
142 2.709855e+15
143 2.711013e+15
144 2.711120e+15
145 2.712660e+15
146 2.714188e+15
147 2.715101e+15
148 2.716140e+15
149 2.718333e+15
150 2.720104e+15
151 2.720129e+15
152 2.722339e+15
153 2.722575e+15
154 2.723712e+15
155 2.723741e+15
156 2.724444e+15
157 2.726555e+15
158 2.727235e+15
159 2.728552e+15
160 2.729764e+15
161 2.730363e+15
162 2.731421e+15
163 2.735174e+15
164 2.735573e+15
165 2.736042e+15
166 2.737249e+15
167 2.738167e+15
168 2.740853e+15
169 2.741266e+15
170 2.743327e+15
171 2.744725e+15
172 2.744743e+15
173 2.746783e+15
174 2.746827e+15
175 2.750970e+15
176 2.751401e+15
177 2.751600e+15
178 2.752822e+15
179 2.753677e+15
180 2.754616e+15
181 2.755387e+15
182 2.758842e+15
183 2.759861e+15
184 2.760245e+15
185 2.763501e+15
186 2.765335e+15
187 2.767116e+15
188 2.767375e+15
189 2.768136e+15
190 2.773228e+15
191 2.773624e+15
192 2.778358e+15
193 2.778909e+15
194 2.779113e+15
195 2.780351e+15
196 2.780684e+15
197 2.785181e+15
198 2.785192e+15
199 2.786085e+15
200 2.786303e+15
201 2.786534e+15
202 2.787800e+15
203 2.788539e+15
204 2.788557e+15
205 2.789327e+15
206 2.790970e+15
207 2.792686e+15
208 2.792992e+15
209 2.793605e+15
210 2.794529e+15
211 2.794728e+15
212 2.795225e+15
213 2.795750e+15
214 2.797377e+15
215 2.797644e+15
216 2.797968e+15
217 2.798652e+15
218 2.798836e+15
219 2.798888e+15
220 2.799685e+15
221 2.800573e+15
222 2.800623e+15
223 2.801015e+15
224 2.801760e+15
225 2.802227e+15
226 2.802357e+15
227 2.802502e+15
228 2.803272e+15
229 2.804781e+15
230 2.805519e+15
231 2.805526e+15
232 2.805601e+15
233 2.805754e+15
234 2.806662e+15
235 2.807995e+15
236 2.808089e+15
237 2.808548e+15
238 2.808685e+15
239 2.809098e+15
240 2.809164e+15
241 2.809545e+15
242 2.810269e+15
243 2.810353e+15
244 2.810711e+15
245 2.811297e+15
246 2.812563e+15
247 2.813179e+15
248 2.814022e+15
249 2.816645e+15
250 2.817496e+15
251 2.820251e+15
252 2.822273e+15
253 2.824371e+15
254 2.824381e+15
255 2.828327e+15
256 2.829231e+15
257 2.829266e+15
258 2.830111e+15
259 2.830156e+15
260 2.830972e+15
261 2.831083e+15
262 2.831193e+15
263 2.831425e+15
264 2.832439e+15
265 2.832785e+15
266 2.832956e+15
267 2.835778e+15
268 2.836221e+15
269 2.838899e+15
270 2.839520e+15
271 2.839816e+15
272 2.840826e+15
273 2.841095e+15
274 2.841279e+15
275 2.843658e+15
276 2.844194e+15
277 2.845209e+15
278 2.845656e+15
279 2.845728e+15
280 2.847666e+15
281 2.847681e+15
282 2.848896e+15
283 2.849248e+15
284 2.850249e+15
285 2.854550e+15
286 2.856320e+15
287 2.856806e+15
288 2.856936e+15
289 2.857780e+15
290 2.858019e+15
291 2.861226e+15
292 2.862306e+15
293 2.863288e+15
294 2.863581e+15
295 2.863778e+15
296 2.863783e+15
297 2.866780e+15
298 2.866976e+15
299 2.866995e+15
300 2.867999e+15
301 2.868186e+15
302 2.868289e+15
303 2.869465e+15
304 2.870201e+15
305 2.870213e+15
306 2.870540e+15
307 2.871267e+15
308 2.871842e+15
309 2.872757e+15
310 2.874066e+15
311 2.874178e+15
312 2.874756e+15
313 2.875242e+15
314 2.877326e+15
315 2.878005e+15
316 2.880053e+15
317 2.880191e+15
318 2.880346e+15
319 2.880418e+15
320 2.882305e+15
321 2.882394e+15
322 2.882506e+15
323 2.885307e+15
324 2.885646e+15
325 2.886994e+15
326 2.888384e+15
327 2.888654e+15
328 2.889136e+15
329 2.890293e+15
330 2.891055e+15
331 2.891793e+15
332 2.895379e+15
333 2.896094e+15
334 2.897953e+15
335 2.900241e+15
336 2.902062e+15
337 2.902753e+15
338 2.905056e+15
339 2.905661e+15
340 2.906496e+15
341 2.907138e+15
342 2.908327e+15
343 2.908609e+15
344 2.909388e+15
345 2.909429e+15
346 2.909787e+15
347 2.909959e+15
348 2.909979e+15
349 2.910368e+15
350 2.910392e+15
351 2.912573e+15
352 2.912962e+15
353 2.913897e+15
354 2.914594e+15
355 2.915811e+15
356 2.916400e+15
357 2.917002e+15
358 2.917114e+15
359 2.919164e+15
360 2.919609e+15
361 2.923464e+15
362 2.925065e+15
363 2.926912e+15
364 2.927286e+15
365 2.927877e+15
366 2.928001e+15
367 2.928634e+15
368 2.929291e+15
369 2.929433e+15
370 2.929861e+15
371 2.930510e+15
372 2.930517e+15
373 2.930581e+15
374 2.931055e+15
375 2.932107e+15
376 2.932127e+15
377 2.932217e+15
378 2.933787e+15
379 2.934749e+15
380 2.935839e+15
381 2.936198e+15
382 2.936312e+15
383 2.936331e+15
384 2.937772e+15
385 2.938305e+15
386 2.939100e+15
387 2.939778e+15
388 2.940560e+15
389 2.942461e+15
390 2.942486e+15
391 2.942626e+15
392 2.942702e+15
393 2.942713e+15
394 2.942889e+15
395 2.943717e+15
396 2.943759e+15
397 2.943868e+15
398 2.944013e+15
399 2.945054e+15
400 2.945713e+15
401 2.946522e+15
402 2.947450e+15
403 2.947524e+15
404 2.949633e+15
405 2.950110e+15
406 2.950418e+15
407 2.950483e+15
408 2.952926e+15
409 2.954151e+15
410 2.958106e+15
411 2.958292e+15
412 2.958568e+15
413 2.958675e+15
414 2.959170e+15
415 2.960284e+15
416 2.960557e+15
417 2.960817e+15
418 2.961004e+15
419 2.961215e+15
420 2.963396e+15
421 2.967287e+15
422 2.968857e+15
423 2.970044e+15
424 2.970526e+15
425 2.970744e+15
426 2.970812e+15
427 2.971061e+15
428 2.971122e+15
429 2.972184e+15
430 2.972311e+15
431 2.972367e+15
432 2.973780e+15
433 2.975012e+15
434 2.975156e+15
435 2.976024e+15
436 2.976217e+15
437 2.977057e+15
438 2.977537e+15
439 2.977786e+15
440 2.978910e+15
441 2.980853e+15
442 2.980996e+15
443 2.981171e+15
444 2.981467e+15
445 2.982255e+15
446 2.983766e+15
447 2.984843e+15
448 2.987439e+15
449 2.987465e+15
450 2.988192e+15
451 2.989084e+15
452 2.989396e+15
453 2.996083e+15
454 2.996102e+15
455 2.996528e+15
456 2.997203e+15
457 2.999154e+15
458 2.999784e+15
459 2.999837e+15
460 3.000962e+15
461 3.002863e+15
462 3.003484e+15
463 3.003575e+15
464 3.004114e+15
465 3.005116e+15
466 3.005187e+15
467 3.008057e+15
468 3.008937e+15
469 3.009934e+15
470 3.010282e+15
471 3.011977e+15
472 3.012025e+15
473 3.012088e+15
474 3.012254e+15
475 3.013285e+15
476 3.013743e+15
477 3.013784e+15
478 3.014593e+15
479 3.014743e+15
480 3.015116e+15
481 3.015795e+15
482 3.015816e+15
483 3.016982e+15
484 3.017828e+15
485 3.018306e+15
486 3.018831e+15
487 3.019567e+15
488 3.020313e+15
489 3.020354e+15
490 3.020574e+15
491 3.020923e+15
492 3.022486e+15
493 3.022696e+15
494 3.025088e+15
495 3.026227e+15
496 3.026370e+15
497 3.026637e+15
498 3.026725e+15
499 3.027226e+15
500 3.027554e+15
501 3.027878e+15
502 3.028320e+15
503 3.028348e+15
504 3.028890e+15
505 3.029213e+15
506 3.029489e+15
507 3.029680e+15
508 3.030136e+15
509 3.030507e+15
510 3.030970e+15
511 3.031202e+15
512 3.032318e+15
513 3.032801e+15
514 3.033355e+15
515 3.033995e+15
516 3.034491e+15
517 3.035004e+15
518 3.035656e+15
519 3.036424e+15
520 3.037097e+15
521 3.038500e+15
522 3.039401e+15
523 3.039840e+15
524 3.040082e+15
525 3.040991e+15
526 3.041606e+15
527 3.041818e+15
528 3.042749e+15
529 3.043197e+15
530 3.043751e+15
531 3.043758e+15
532 3.044028e+15
533 3.048214e+15
534 3.049815e+15
535 3.050004e+15
536 3.050363e+15
537 3.050460e+15
538 3.050811e+15
539 3.050947e+15
540 3.051006e+15
541 3.051823e+15
542 3.053085e+15
543 3.057250e+15
544 3.058314e+15
545 3.058538e+15
546 3.059282e+15
547 3.061249e+15
548 3.061685e+15
549 3.061820e+15
550 3.063374e+15
551 3.064549e+15
552 3.065383e+15
553 3.065935e+15
554 3.066708e+15
555 3.067024e+15
556 3.067158e+15
557 3.067518e+15
558 3.067713e+15
559 3.068279e+15
560 3.068322e+15
561 3.069099e+15
562 3.069789e+15
563 3.070476e+15
564 3.071483e+15
565 3.072022e+15
566 3.074226e+15
567 3.074990e+15
568 3.075671e+15
569 3.075752e+15
570 3.076089e+15
571 3.079160e+15
572 3.080495e+15
573 3.080733e+15
574 3.081488e+15
575 3.081504e+15
576 3.081618e+15
577 3.082234e+15
578 3.082294e+15
579 3.083006e+15
580 3.083906e+15
581 3.084247e+15
582 3.086459e+15
583 3.087312e+15
584 3.087544e+15
585 3.089777e+15
586 3.092286e+15
587 3.092794e+15
588 3.093065e+15
589 3.093512e+15
590 3.093813e+15
591 3.093834e+15
592 3.094255e+15
593 3.094815e+15
594 3.095909e+15
595 3.097812e+15
596 3.098030e+15
597 3.098146e+15
598 3.098526e+15
599 3.099468e+15
600 3.099653e+15
601 3.100009e+15
602 3.100670e+15
603 3.105653e+15
604 3.106058e+15
605 3.106088e+15
606 3.106534e+15
607 3.106630e+15
608 3.107188e+15
609 3.107972e+15
610 3.108060e+15
611 3.109593e+15
612 3.111196e+15
613 3.112253e+15
614 3.112340e+15
615 3.113647e+15
616 3.113920e+15
617 3.115135e+15
618 3.116140e+15
619 3.117446e+15
620 3.117457e+15
621 3.119897e+15
622 3.120420e+15
623 3.122062e+15
624 3.124498e+15
625 3.124719e+15
626 3.124978e+15
627 3.125338e+15
628 3.125629e+15
629 3.126310e+15
630 3.128739e+15
631 3.129528e+15
632 3.132011e+15
633 3.134613e+15
634 3.135872e+15
635 3.136181e+15
636 3.138620e+15
637 3.138632e+15
638 3.138915e+15
639 3.139228e+15
640 3.139999e+15
641 3.141180e+15
642 3.141891e+15
643 3.142228e+15
644 3.143582e+15
645 3.144068e+15
646 3.144312e+15
647 3.144341e+15
648 3.144641e+15
649 3.146299e+15
650 3.148117e+15
651 3.148418e+15
652 3.152327e+15
653 3.153590e+15
654 3.155285e+15
655 3.155360e+15
656 3.158468e+15
657 3.162638e+15
658 3.162711e+15
659 3.163055e+15
660 3.163994e+15
661 3.164019e+15
662 3.165724e+15
663 3.166384e+15
664 3.166718e+15
665 3.167021e+15
666 3.167859e+15
667 3.169538e+15
668 3.170489e+15
669 3.170580e+15
670 3.170828e+15
671 3.172823e+15
672 3.173951e+15
673 3.174950e+15
674 3.175790e+15
675 3.176050e+15
676 3.176999e+15
677 3.177496e+15
678 3.178076e+15
679 3.179647e+15
680 3.181399e+15
681 3.182155e+15
682 3.182160e+15
683 3.183915e+15
684 3.184786e+15
685 3.188437e+15
686 3.188668e+15
687 3.191022e+15
688 3.191202e+15
689 3.191608e+15
690 3.191916e+15
691 3.191991e+15
692 3.192413e+15
693 3.192533e+15
694 3.193258e+15
695 3.193860e+15
696 3.194806e+15
697 3.195172e+15
698 3.195279e+15
699 3.197164e+15
700 3.198981e+15
701 3.201406e+15
702 3.203573e+15
703 3.204596e+15
704 3.205724e+15
705 3.209149e+15
706 3.210712e+15
707 3.212163e+15
708 3.213596e+15
709 3.214735e+15
710 3.214969e+15
711 3.216538e+15
712 3.216556e+15
713 3.217800e+15
714 3.218932e+15
715 3.219858e+15
716 3.220292e+15
717 3.221828e+15
718 3.222162e+15
719 3.222699e+15
720 3.224632e+15
721 3.226307e+15
722 3.227910e+15
723 3.228268e+15
724 3.228414e+15
725 3.228920e+15
726 3.229612e+15
727 3.230052e+15
728 3.230328e+15
729 3.231370e+15
730 3.231503e+15
731 3.232222e+15
732 3.232728e+15
733 3.233201e+15
734 3.233715e+15
735 3.233885e+15
736 3.234890e+15
737 3.234974e+15
738 3.235769e+15
739 3.237538e+15
740 3.238643e+15
741 3.239838e+15
742 3.240195e+15
743 3.240501e+15
744 3.240876e+15
745 3.243013e+15
746 3.243077e+15
747 3.243407e+15
748 3.243506e+15
749 3.244567e+15
750 3.246920e+15
751 3.247859e+15
752 3.249044e+15
753 3.250819e+15
754 3.252051e+15
755 3.252932e+15
756 3.253289e+15
757 3.253366e+15
758 3.254407e+15
759 3.254747e+15
760 3.254753e+15
761 3.254981e+15
762 3.255896e+15
763 3.256527e+15
764 3.257805e+15
765 3.258355e+15
766 3.258966e+15
767 3.259181e+15
768 3.259659e+15
769 3.260103e+15
770 3.260114e+15
771 3.261246e+15
772 3.262370e+15
773 3.265888e+15
774 3.271202e+15
775 3.271352e+15
776 3.272749e+15
777 3.273321e+15
778 3.273806e+15
779 3.273886e+15
780 3.276993e+15
781 3.277455e+15
782 3.278044e+15
783 3.278080e+15
784 3.279987e+15
785 3.280082e+15
786 3.280521e+15
787 3.281768e+15
788 3.282012e+15
789 3.283182e+15
790 3.285597e+15
791 3.285758e+15
792 3.285984e+15
793 3.292933e+15
794 3.293486e+15
795 3.295988e+15
796 3.297293e+15
797 3.297304e+15
798 3.298296e+15
799 3.298913e+15
800 3.300478e+15
801 3.300536e+15
802 3.300589e+15
803 3.302083e+15
804 3.302163e+15
805 3.303574e+15
806 3.303618e+15
807 3.303948e+15
808 3.304343e+15
809 3.304415e+15
810 3.304610e+15
811 3.304851e+15
812 3.306603e+15
813 3.307461e+15
814 3.308646e+15
815 3.308658e+15
816 3.309816e+15
817 3.310454e+15
818 3.311093e+15
819 3.311555e+15
820 3.312304e+15
821 3.312510e+15
822 3.312685e+15
823 3.313481e+15
824 3.314084e+15
825 3.317194e+15
826 3.317505e+15
827 3.317800e+15
828 3.318248e+15
829 3.320010e+15
830 3.323920e+15
831 3.324324e+15
832 3.324617e+15
833 3.324690e+15
834 3.326211e+15
835 3.326446e+15
836 3.327242e+15
837 3.330633e+15
838 3.331224e+15
839 3.331829e+15
840 3.332334e+15
841 3.335845e+15
842 3.337988e+15
843 3.338730e+15
844 3.339575e+15
845 3.340151e+15
846 3.340856e+15
847 3.341224e+15
848 3.344060e+15
849 3.345257e+15
850 3.346438e+15
851 3.351304e+15
852 3.352349e+15
853 3.353594e+15
854 3.353660e+15
855 3.354890e+15
856 3.357421e+15
857 3.358561e+15
858 3.358937e+15
859 3.360046e+15
860 3.362411e+15
861 3.362995e+15
862 3.364552e+15
863 3.364998e+15
864 3.365190e+15
865 3.370323e+15
866 3.371101e+15
867 3.371200e+15
868 3.373231e+15
869 3.376324e+15
870 3.376547e+15
871 3.379206e+15
872 3.384630e+15
873 3.385635e+15
874 3.386734e+15
875 3.387158e+15
876 3.393621e+15
877 3.401364e+15
878 3.401750e+15
879 3.402680e+15
880 3.403463e+15
881 3.404382e+15
882 3.405387e+15
883 3.411185e+15
884 3.412330e+15
885 3.414132e+15
886 3.416076e+15
887 3.416510e+15
888 3.418106e+15
889 3.421273e+15
890 3.422989e+15
891 3.423650e+15
892 3.424241e+15
893 3.424734e+15
894 3.425345e+15
895 3.425804e+15
896 3.430801e+15
897 3.432011e+15
898 3.432240e+15
899 3.434990e+15
900 3.435049e+15
901 3.435612e+15
902 3.436307e+15
903 3.436724e+15
904 3.437514e+15
905 3.441272e+15
906 3.441804e+15
907 3.443392e+15
908 3.451840e+15
909 3.451879e+15
910 3.451990e+15
911 3.453733e+15
912 3.453752e+15
913 3.453850e+15
914 3.453983e+15
915 3.454234e+15
916 3.457794e+15
917 3.463005e+15
918 3.465770e+15
919 3.468794e+15
920 3.474282e+15
921 3.474806e+15
922 3.479026e+15
923 3.479619e+15
924 3.481072e+15
925 3.484051e+15
926 3.485396e+15
927 3.486663e+15
928 3.490450e+15
929 3.495791e+15
930 3.496309e+15
931 3.503753e+15
932 3.507129e+15
933 3.510046e+15
934 3.510779e+15
935 3.520149e+15
936 3.530230e+15
937 3.530878e+15
938 3.531662e+15
939 3.532415e+15
940 3.533483e+15
941 3.541182e+15
942 3.542563e+15
943 3.547249e+15
944 3.547921e+15
945 3.550260e+15
946 3.557971e+15
947 3.558270e+15
948 3.558306e+15
949 3.559734e+15
950 3.559950e+15
951 3.564954e+15
952 3.565732e+15
953 3.573080e+15
954 3.573258e+15
955 3.575781e+15
956 3.578482e+15
957 3.580675e+15
958 3.585413e+15
959 3.586093e+15
960 3.587464e+15
961 3.594119e+15
962 3.597586e+15
963 3.597810e+15
964 3.598860e+15
965 3.601169e+15
966 3.607133e+15
967 3.607867e+15
968 3.610482e+15
969 3.635547e+15
970 3.635797e+15
971 3.639178e+15
972 3.639861e+15
973 3.641378e+15
974 3.646335e+15
975 3.657331e+15
976 3.660603e+15
977 3.661024e+15
978 3.661750e+15
979 3.664127e+15
980 3.667460e+15
981 3.675284e+15
982 3.684376e+15
983 3.697422e+15
984 3.699248e+15
985 3.700464e+15
986 3.705181e+15
987 3.705967e+15
988 3.708187e+15
989 3.717248e+15
990 3.727546e+15
991 3.740502e+15
992 3.799719e+15
993 3.857300e+15
994 3.865641e+15
995 3.880283e+15
996 3.892206e+15
997 3.895427e+15
998 4.018999e+15
999 4.027866e+15
1000 4.173145e+15
