# E_gamma(MeV)   Spectrum
5.145440e-01 1.623936e+19
5.413360e-01 1.906066e+19
5.695230e-01 2.224795e+19
5.991770e-01 2.477883e+19
6.303750e-01 2.644242e+19
6.631980e-01 2.734931e+19
6.977300e-01 2.771416e+19
7.340600e-01 2.766731e+19
7.722810e-01 2.731680e+19
8.124930e-01 2.674628e+19
8.547980e-01 2.603283e+19
8.993070e-01 2.521154e+19
9.461320e-01 2.432116e+19
9.953960e-01 2.337794e+19
1.047230e+00 2.241146e+19
1.101750e+00 2.143578e+19
1.159120e+00 2.047087e+19
1.219470e+00 1.951111e+19
1.282970e+00 1.856581e+19
1.349770e+00 1.764724e+19
1.420050e+00 1.675725e+19
1.493990e+00 1.589553e+19
1.571780e+00 1.506728e+19
1.653620e+00 1.426371e+19
1.739730e+00 1.349653e+19
1.830310e+00 1.276127e+19
1.925610e+00 1.205947e+19
2.025880e+00 1.138726e+19
2.131360e+00 1.074595e+19
2.242340e+00 1.013632e+19
2.359100e+00 9.554569e+18
2.481930e+00 9.003288e+18
2.611160e+00 8.480037e+18
2.747120e+00 7.982606e+18
2.890160e+00 7.511728e+18
3.040650e+00 7.065042e+18
3.198970e+00 6.643246e+18
3.365530e+00 6.243411e+18
3.540770e+00 5.865051e+18
3.725140e+00 5.508348e+18
3.919100e+00 5.171361e+18
4.123160e+00 4.853024e+18
4.337850e+00 4.553592e+18
4.563720e+00 4.270855e+18
4.801340e+00 4.006435e+18
5.051340e+00 3.757560e+18
5.314360e+00 3.523368e+18
5.591070e+00 3.304648e+18
5.882190e+00 3.099700e+18
6.188470e+00 2.908844e+18
6.510690e+00 2.731400e+18
6.849700e+00 2.566950e+18
7.206350e+00 2.415179e+18
7.581580e+00 2.275557e+18
7.976340e+00 2.148377e+18
8.391660e+00 2.033309e+18
8.828600e+00 1.930058e+18
9.288290e+00 1.838616e+18
9.771920e+00 1.758498e+18
1.028070e+01 1.690482e+18
1.081600e+01 1.631627e+18
1.137920e+01 1.581403e+18
1.197170e+01 1.538979e+18
1.259510e+01 1.501293e+18
1.325090e+01 1.467142e+18
1.394080e+01 1.433317e+18
1.466670e+01 1.398327e+18
1.543040e+01 1.360252e+18
1.623380e+01 1.316546e+18
1.707910e+01 1.267269e+18
1.796840e+01 1.211287e+18
1.890400e+01 1.150694e+18
1.988830e+01 1.085332e+18
2.092380e+01 1.015977e+18
2.201330e+01 9.427311e+17
2.315950e+01 8.638750e+17
2.436540e+01 7.840162e+17
2.563410e+01 7.046222e+17
2.696880e+01 6.308391e+17
2.837300e+01 5.639019e+17
2.985040e+01 5.043945e+17
3.140470e+01 4.512595e+17
3.303990e+01 4.024557e+17
3.476020e+01 3.578515e+17
3.657010e+01 3.166574e+17
3.847430e+01 2.782905e+17
4.047760e+01 2.432006e+17
4.258520e+01 2.104234e+17
4.480250e+01 1.800625e+17
4.713530e+01 1.530914e+17
4.958960e+01 1.290368e+17
5.217170e+01 1.086264e+17
5.488820e+01 9.130989e+16
5.774620e+01 7.687511e+16
6.075290e+01 6.483436e+16
6.391620e+01 5.442274e+16
6.724430e+01 4.564937e+16
7.074560e+01 3.810074e+16
7.442920e+01 3.165122e+16
7.830470e+01 2.623580e+16
8.238190e+01 2.158943e+16
8.667140e+01 1.771942e+16
9.118430e+01 1.459180e+16
9.593210e+01 1.208008e+16
1.009270e+02 1.015600e+16
1.061820e+02 8.576911e+15
1.117110e+02 7.249023e+15
1.175280e+02 6.096568e+15
1.236470e+02 5.074657e+15
1.300850e+02 4.182703e+15
1.368590e+02 3.415984e+15
1.439850e+02 2.780918e+15
1.514820e+02 2.246417e+15
1.593690e+02 1.792696e+15
1.676680e+02 1.407758e+15
1.763980e+02 1.076325e+15
1.855830e+02 7.972235e+14
1.952460e+02 5.744402e+14
2.054120e+02 3.994070e+14
2.161070e+02 2.719812e+14
2.273600e+02 1.814799e+14
2.391980e+02 1.185256e+14
2.516530e+02 7.689402e+13
2.647560e+02 4.846639e+13
2.785410e+02 3.010883e+13
2.930450e+02 1.871941e+13
3.083030e+02 1.123796e+13
3.243560e+02 6.569531e+12
3.412450e+02 3.668237e+12
3.590130e+02 1.920223e+12
3.777060e+02 9.727657e+11
3.973730e+02 4.606112e+11
4.180640e+02 2.161176e+11
4.398320e+02 1.034162e+11
4.627330e+02 4.630125e+10
4.868270e+02 1.909523e+10
5.121760e+02 7.229267e+09
5.388440e+02 2.569810e+09
5.669010e+02 9.758656e+08
5.964180e+02 3.301855e+08
6.274730e+02 9.768778e+07
6.601450e+02 2.927084e+07
6.945180e+02 7.888406e+06
7.306800e+02 2.085407e+06
7.687260e+02 4.880447e+05
8.087520e+02 9.793005e+04
8.508630e+02 2.173529e+04
8.951660e+02 3.830006e+03
9.417770e+02 6.094519e+02
9.908140e+02 1.038517e+02
1.042400e+03 1.214552e+01
1.096680e+03 1.761523e+00
1.153780e+03 1.975936e-01
1.213860e+03 1.367733e-02
1.277060e+03 1.423822e-03
1.343560e+03 9.333983e-05
1.413520e+03 6.685314e-06
1.487120e+03 3.921449e-07
1.564550e+03 1.551306e-08
1.646010e+03 8.107867e-10
1.731720e+03 2.929076e-11
1.821890e+03 9.112836e-13
1.916750e+03 2.148848e-14
2.016550e+03 4.652764e-16
2.121550e+03 8.671769e-18
2.232020e+03 1.207942e-19
2.348230e+03 1.328545e-21
2.470500e+03 1.201364e-23
2.599140e+03 9.054005e-26
2.734470e+03 4.506632e-28
2.876850e+03 1.958766e-30
3.026650e+03 6.244240e-33
3.184240e+03 1.326797e-35
3.350040e+03 2.493180e-38
3.524470e+03 2.743344e-41
3.707990e+03 2.489139e-44
3.901060e+03 1.382490e-47
4.104180e+03 5.927362e-51
4.317880e+03 1.409488e-54
4.542710e+03 2.760804e-58
4.779240e+03 2.928260e-62
5.028090e+03 1.870271e-66
5.289890e+03 1.059910e-70
5.565330e+03 2.251851e-75
5.855110e+03 2.801306e-80
6.159980e+03 2.182723e-85
6.480720e+03 9.845066e-91
6.818160e+03 8.969223e-96
7.173170e+03 3.431716e-101
7.546670e+03 2.019439e-107
7.939620e+03 4.109739e-115
8.353020e+03 3.223833e-120
8.787950e+03 4.419274e-127
9.245530e+03 6.211451e-135
9.726930e+03 3.861907e-142
1.023340e+04 1.988401e-150
1.076620e+04 1.300848e-157
1.132680e+04 8.645652e-167
1.191660e+04 2.389342e-181
1.253710e+04 4.968111e-192
1.318990e+04 5.388580e-203
1.387660e+04 3.759002e-207
1.459920e+04 9.438340e-222
1.535930e+04 8.917560e-231
1.615910e+04 2.097078e-245
1.700050e+04 1.809788e-264
1.788570e+04 1.417967e-273
1.881690e+04 1.826370e-276
1.979670e+04 2.197786e-286
2.082750e+04 8.461743e-297
2.191200e+04 0.000000e+00
2.305290e+04 0.000000e+00
2.425320e+04 0.000000e+00
2.551610e+04 0.000000e+00
2.684460e+04 0.000000e+00
2.824240e+04 0.000000e+00
2.971300e+04 0.000000e+00
3.126010e+04 0.000000e+00
3.288770e+04 0.000000e+00
3.460020e+04 0.000000e+00
3.640170e+04 0.000000e+00
3.829710e+04 0.000000e+00
4.029120e+04 0.000000e+00
4.238910e+04 0.000000e+00
4.459630e+04 0.000000e+00
4.691830e+04 0.000000e+00
4.936130e+04 0.000000e+00
5.193150e+04 0.000000e+00
5.463550e+04 0.000000e+00
5.748030e+04 0.000000e+00
6.047320e+04 0.000000e+00
6.362200e+04 0.000000e+00
6.693470e+04 0.000000e+00
7.041990e+04 0.000000e+00
7.408660e+04 0.000000e+00
7.794420e+04 0.000000e+00
8.200260e+04 0.000000e+00
8.627240e+04 0.000000e+00
9.076450e+04 0.000000e+00
9.549040e+04 0.000000e+00
1.004630e+05 0.000000e+00
1.056930e+05 0.000000e+00
1.111970e+05 0.000000e+00
1.169870e+05 0.000000e+00
1.230780e+05 0.000000e+00
1.294860e+05 0.000000e+00
1.362290e+05 0.000000e+00
1.433220e+05 0.000000e+00
1.507850e+05 0.000000e+00
1.586360e+05 0.000000e+00
1.668960e+05 0.000000e+00
1.755860e+05 0.000000e+00
1.847280e+05 0.000000e+00
1.943470e+05 0.000000e+00
2.044660e+05 0.000000e+00
2.151120e+05 0.000000e+00
2.263130e+05 0.000000e+00
2.380970e+05 0.000000e+00
2.504940e+05 0.000000e+00
2.635370e+05 0.000000e+00
2.772590e+05 0.000000e+00
2.916960e+05 0.000000e+00
3.068840e+05 0.000000e+00
3.228630e+05 0.000000e+00
3.396740e+05 0.000000e+00
3.573600e+05 0.000000e+00
3.759670e+05 0.000000e+00
3.955440e+05 0.000000e+00
4.161390e+05 0.000000e+00
4.378070e+05 0.000000e+00
4.606030e+05 0.000000e+00
4.845860e+05 0.000000e+00
5.098180e+05 0.000000e+00
5.363630e+05 0.000000e+00
5.642910e+05 0.000000e+00
5.936730e+05 0.000000e+00
6.245840e+05 0.000000e+00
6.571060e+05 0.000000e+00
6.913200e+05 0.000000e+00
7.273170e+05 0.000000e+00
7.651870e+05 0.000000e+00
8.050290e+05 0.000000e+00
8.469460e+05 0.000000e+00
8.910450e+05 0.000000e+00
9.374410e+05 0.000000e+00
9.862520e+05 0.000000e+00
1.037610e+06 0.000000e+00
1.091630e+06 0.000000e+00
1.148470e+06 0.000000e+00
1.208270e+06 0.000000e+00
1.271180e+06 0.000000e+00
1.337370e+06 0.000000e+00
1.407010e+06 0.000000e+00
1.480270e+06 0.000000e+00
1.557340e+06 0.000000e+00
1.638430e+06 0.000000e+00
1.723740e+06 0.000000e+00
1.813500e+06 0.000000e+00
1.907920e+06 0.000000e+00
2.007270e+06 0.000000e+00
2.111780e+06 0.000000e+00
2.221740e+06 0.000000e+00
2.337420e+06 0.000000e+00
2.459130e+06 0.000000e+00
2.587170e+06 0.000000e+00
2.721880e+06 0.000000e+00
2.863610e+06 0.000000e+00
3.012710e+06 0.000000e+00
3.169580e+06 0.000000e+00
3.334620e+06 0.000000e+00
3.508250e+06 0.000000e+00
3.690920e+06 0.000000e+00
3.883100e+06 0.000000e+00
4.085290e+06 0.000000e+00
4.298000e+06 0.000000e+00
4.521790e+06 0.000000e+00
4.757240e+06 0.000000e+00
5.004940e+06 0.000000e+00
5.265540e+06 0.000000e+00
5.539710e+06 0.000000e+00
5.828150e+06 0.000000e+00
6.131620e+06 0.000000e+00
6.450880e+06 0.000000e+00
6.786770e+06 0.000000e+00
7.140150e+06 0.000000e+00
7.511930e+06 0.000000e+00
7.903070e+06 0.000000e+00
8.314570e+06 0.000000e+00
8.747500e+06 0.000000e+00
9.202970e+06 0.000000e+00
9.682150e+06 0.000000e+00
1.018630e+07 0.000000e+00
1.071670e+07 0.000000e+00
1.127470e+07 0.000000e+00
1.186170e+07 0.000000e+00
1.247940e+07 0.000000e+00
1.312910e+07 0.000000e+00
1.381280e+07 0.000000e+00
1.453200e+07 0.000000e+00
1.528860e+07 0.000000e+00
1.608470e+07 0.000000e+00
1.692220e+07 0.000000e+00
1.780330e+07 0.000000e+00
1.873030e+07 0.000000e+00
1.970560e+07 0.000000e+00
2.073160e+07 0.000000e+00
2.181110e+07 0.000000e+00
2.294680e+07 0.000000e+00
2.414160e+07 0.000000e+00
2.539860e+07 0.000000e+00
2.672110e+07 0.000000e+00
2.811240e+07 0.000000e+00
2.957620e+07 0.000000e+00
3.111620e+07 0.000000e+00
3.273630e+07 0.000000e+00
3.444090e+07 0.000000e+00
3.623420e+07 0.000000e+00
3.812080e+07 0.000000e+00
4.010570e+07 0.000000e+00
4.219400e+07 0.000000e+00
4.439100e+07 0.000000e+00
4.670230e+07 0.000000e+00
4.913410e+07 0.000000e+00
5.169240e+07 0.000000e+00
5.438400e+07 0.000000e+00
5.721570e+07 0.000000e+00
6.019480e+07 0.000000e+00
6.332910e+07 0.000000e+00
6.662650e+07 0.000000e+00
7.009570e+07 0.000000e+00
7.374550e+07 0.000000e+00
7.758530e+07 0.000000e+00
8.162510e+07 0.000000e+00
8.587520e+07 0.000000e+00
9.034660e+07 0.000000e+00
9.505080e+07 0.000000e+00
1.000000e+08 0.000000e+00
