# Mean mass (g): 3.02e+15
1 4.307176e+14
2 5.568395e+14
3 6.180987e+14
4 6.577369e+14
5 6.865648e+14
6 7.802553e+14
7 8.739458e+14
8 8.847563e+14
9 9.820503e+14
10 9.856538e+14
11 9.892573e+14
12 1.003671e+15
13 1.003671e+15
14 1.014482e+15
15 1.021689e+15
16 1.021689e+15
17 1.043309e+15
18 1.054120e+15
19 1.072137e+15
20 1.093758e+15
21 1.097362e+15
22 1.115379e+15
23 1.140603e+15
24 1.144207e+15
25 1.144207e+15
26 1.162224e+15
27 1.162224e+15
28 1.169431e+15
29 1.176638e+15
30 1.176638e+15
31 1.205466e+15
32 1.212673e+15
33 1.216277e+15
34 1.219880e+15
35 1.234294e+15
36 1.241501e+15
37 1.248708e+15
38 1.281139e+15
39 1.302760e+15
40 1.306364e+15
41 1.306364e+15
42 1.317174e+15
43 1.320778e+15
44 1.320778e+15
45 1.327985e+15
46 1.327985e+15
47 1.331588e+15
48 1.364019e+15
49 1.364019e+15
50 1.364019e+15
51 1.367623e+15
52 1.371226e+15
53 1.371226e+15
54 1.378433e+15
55 1.378433e+15
56 1.385640e+15
57 1.385640e+15
58 1.396451e+15
59 1.400054e+15
60 1.403658e+15
61 1.407261e+15
62 1.428882e+15
63 1.436089e+15
64 1.443296e+15
65 1.454106e+15
66 1.461313e+15
67 1.464917e+15
68 1.464917e+15
69 1.493745e+15
70 1.497348e+15
71 1.511762e+15
72 1.518969e+15
73 1.522573e+15
74 1.522573e+15
75 1.536986e+15
76 1.540590e+15
77 1.544193e+15
78 1.544193e+15
79 1.555004e+15
80 1.558607e+15
81 1.562211e+15
82 1.569418e+15
83 1.580228e+15
84 1.580228e+15
85 1.583832e+15
86 1.587435e+15
87 1.587435e+15
88 1.591039e+15
89 1.601849e+15
90 1.605453e+15
91 1.605453e+15
92 1.619867e+15
93 1.641487e+15
94 1.645091e+15
95 1.659505e+15
96 1.663108e+15
97 1.663108e+15
98 1.666712e+15
99 1.666712e+15
100 1.666712e+15
101 1.673919e+15
102 1.688333e+15
103 1.691936e+15
104 1.691936e+15
105 1.702747e+15
106 1.709954e+15
107 1.709954e+15
108 1.717161e+15
109 1.724368e+15
110 1.724368e+15
111 1.731574e+15
112 1.735178e+15
113 1.745988e+15
114 1.749592e+15
115 1.760402e+15
116 1.760402e+15
117 1.767609e+15
118 1.774816e+15
119 1.785627e+15
120 1.789230e+15
121 1.796437e+15
122 1.807248e+15
123 1.810851e+15
124 1.810851e+15
125 1.814455e+15
126 1.814455e+15
127 1.818058e+15
128 1.821662e+15
129 1.821662e+15
130 1.825265e+15
131 1.828868e+15
132 1.836075e+15
133 1.839679e+15
134 1.843282e+15
135 1.843282e+15
136 1.854093e+15
137 1.854093e+15
138 1.861300e+15
139 1.868507e+15
140 1.868507e+15
141 1.872110e+15
142 1.879317e+15
143 1.879317e+15
144 1.886524e+15
145 1.893731e+15
146 1.900938e+15
147 1.915352e+15
148 1.918956e+15
149 1.929766e+15
150 1.933369e+15
151 1.936973e+15
152 1.940576e+15
153 1.940576e+15
154 1.944180e+15
155 1.958594e+15
156 1.965801e+15
157 1.980215e+15
158 1.987422e+15
159 1.987422e+15
160 1.991025e+15
161 1.991025e+15
162 1.991025e+15
163 1.994629e+15
164 2.001836e+15
165 2.001836e+15
166 2.005439e+15
167 2.005439e+15
168 2.005439e+15
169 2.012646e+15
170 2.012646e+15
171 2.016250e+15
172 2.027060e+15
173 2.030663e+15
174 2.034267e+15
175 2.034267e+15
176 2.048681e+15
177 2.048681e+15
178 2.055888e+15
179 2.063095e+15
180 2.077509e+15
181 2.081112e+15
182 2.081112e+15
183 2.081112e+15
184 2.084716e+15
185 2.088319e+15
186 2.091923e+15
187 2.095526e+15
188 2.102733e+15
189 2.106337e+15
190 2.106337e+15
191 2.109940e+15
192 2.124354e+15
193 2.127957e+15
194 2.131561e+15
195 2.131561e+15
196 2.131561e+15
197 2.131561e+15
198 2.135164e+15
199 2.142371e+15
200 2.142371e+15
201 2.142371e+15
202 2.149578e+15
203 2.149578e+15
204 2.153182e+15
205 2.156785e+15
206 2.167596e+15
207 2.174803e+15
208 2.174803e+15
209 2.178406e+15
210 2.178406e+15
211 2.182010e+15
212 2.185613e+15
213 2.189217e+15
214 2.189217e+15
215 2.196424e+15
216 2.200027e+15
217 2.203631e+15
218 2.207234e+15
219 2.207234e+15
220 2.214441e+15
221 2.214441e+15
222 2.221648e+15
223 2.225251e+15
224 2.225251e+15
225 2.232458e+15
226 2.236062e+15
227 2.236062e+15
228 2.239665e+15
229 2.239665e+15
230 2.246872e+15
231 2.246872e+15
232 2.254079e+15
233 2.257683e+15
234 2.261286e+15
235 2.261286e+15
236 2.261286e+15
237 2.261286e+15
238 2.264890e+15
239 2.268493e+15
240 2.268493e+15
241 2.268493e+15
242 2.268493e+15
243 2.272097e+15
244 2.275700e+15
245 2.275700e+15
246 2.279304e+15
247 2.282907e+15
248 2.282907e+15
249 2.282907e+15
250 2.282907e+15
251 2.290114e+15
252 2.290114e+15
253 2.293718e+15
254 2.297321e+15
255 2.297321e+15
256 2.297321e+15
257 2.297321e+15
258 2.297321e+15
259 2.300925e+15
260 2.300925e+15
261 2.308132e+15
262 2.308132e+15
263 2.308132e+15
264 2.311735e+15
265 2.311735e+15
266 2.315338e+15
267 2.318942e+15
268 2.322545e+15
269 2.329752e+15
270 2.329752e+15
271 2.333356e+15
272 2.333356e+15
273 2.333356e+15
274 2.340563e+15
275 2.344166e+15
276 2.344166e+15
277 2.354977e+15
278 2.354977e+15
279 2.358580e+15
280 2.376598e+15
281 2.376598e+15
282 2.376598e+15
283 2.380201e+15
284 2.387408e+15
285 2.394615e+15
286 2.401822e+15
287 2.405426e+15
288 2.405426e+15
289 2.409029e+15
290 2.409029e+15
291 2.412632e+15
292 2.412632e+15
293 2.412632e+15
294 2.419839e+15
295 2.423443e+15
296 2.423443e+15
297 2.423443e+15
298 2.423443e+15
299 2.427046e+15
300 2.430650e+15
301 2.434253e+15
302 2.437857e+15
303 2.437857e+15
304 2.441460e+15
305 2.441460e+15
306 2.441460e+15
307 2.445064e+15
308 2.448667e+15
309 2.448667e+15
310 2.448667e+15
311 2.463081e+15
312 2.463081e+15
313 2.466685e+15
314 2.466685e+15
315 2.473892e+15
316 2.473892e+15
317 2.477495e+15
318 2.481099e+15
319 2.488306e+15
320 2.499116e+15
321 2.499116e+15
322 2.502720e+15
323 2.509927e+15
324 2.513530e+15
325 2.513530e+15
326 2.513530e+15
327 2.513530e+15
328 2.513530e+15
329 2.520737e+15
330 2.524340e+15
331 2.524340e+15
332 2.524340e+15
333 2.527944e+15
334 2.531547e+15
335 2.531547e+15
336 2.545961e+15
337 2.545961e+15
338 2.553168e+15
339 2.553168e+15
340 2.553168e+15
341 2.553168e+15
342 2.560375e+15
343 2.563979e+15
344 2.563979e+15
345 2.571186e+15
346 2.574789e+15
347 2.578393e+15
348 2.578393e+15
349 2.581996e+15
350 2.589203e+15
351 2.592807e+15
352 2.592807e+15
353 2.592807e+15
354 2.592807e+15
355 2.592807e+15
356 2.596410e+15
357 2.596410e+15
358 2.600014e+15
359 2.607221e+15
360 2.610824e+15
361 2.610824e+15
362 2.614427e+15
363 2.618031e+15
364 2.621634e+15
365 2.621634e+15
366 2.621634e+15
367 2.621634e+15
368 2.625238e+15
369 2.625238e+15
370 2.628841e+15
371 2.636048e+15
372 2.636048e+15
373 2.639652e+15
374 2.639652e+15
375 2.643255e+15
376 2.643255e+15
377 2.646859e+15
378 2.646859e+15
379 2.646859e+15
380 2.657669e+15
381 2.657669e+15
382 2.657669e+15
383 2.661273e+15
384 2.668480e+15
385 2.668480e+15
386 2.675687e+15
387 2.675687e+15
388 2.679290e+15
389 2.679290e+15
390 2.682894e+15
391 2.682894e+15
392 2.686497e+15
393 2.693704e+15
394 2.693704e+15
395 2.697308e+15
396 2.697308e+15
397 2.700911e+15
398 2.704515e+15
399 2.704515e+15
400 2.704515e+15
401 2.708118e+15
402 2.711721e+15
403 2.711721e+15
404 2.715325e+15
405 2.715325e+15
406 2.718928e+15
407 2.718928e+15
408 2.722532e+15
409 2.726135e+15
410 2.726135e+15
411 2.729739e+15
412 2.729739e+15
413 2.736946e+15
414 2.736946e+15
415 2.740549e+15
416 2.744153e+15
417 2.747756e+15
418 2.751360e+15
419 2.754963e+15
420 2.758567e+15
421 2.758567e+15
422 2.762170e+15
423 2.762170e+15
424 2.762170e+15
425 2.762170e+15
426 2.762170e+15
427 2.765774e+15
428 2.769377e+15
429 2.772981e+15
430 2.776584e+15
431 2.783791e+15
432 2.783791e+15
433 2.787395e+15
434 2.787395e+15
435 2.790998e+15
436 2.790998e+15
437 2.794602e+15
438 2.794602e+15
439 2.798205e+15
440 2.805412e+15
441 2.809015e+15
442 2.812619e+15
443 2.816222e+15
444 2.819826e+15
445 2.819826e+15
446 2.823429e+15
447 2.827033e+15
448 2.830636e+15
449 2.834240e+15
450 2.834240e+15
451 2.837843e+15
452 2.837843e+15
453 2.841447e+15
454 2.841447e+15
455 2.845050e+15
456 2.845050e+15
457 2.848654e+15
458 2.848654e+15
459 2.855861e+15
460 2.859464e+15
461 2.859464e+15
462 2.863068e+15
463 2.863068e+15
464 2.866671e+15
465 2.873878e+15
466 2.873878e+15
467 2.881085e+15
468 2.881085e+15
469 2.881085e+15
470 2.884689e+15
471 2.884689e+15
472 2.888292e+15
473 2.888292e+15
474 2.895499e+15
475 2.895499e+15
476 2.899103e+15
477 2.902706e+15
478 2.913516e+15
479 2.913516e+15
480 2.920723e+15
481 2.920723e+15
482 2.924327e+15
483 2.924327e+15
484 2.927930e+15
485 2.945948e+15
486 2.945948e+15
487 2.945948e+15
488 2.953155e+15
489 2.956758e+15
490 2.956758e+15
491 2.960362e+15
492 2.960362e+15
493 2.967569e+15
494 2.971172e+15
495 2.974776e+15
496 2.974776e+15
497 2.974776e+15
498 2.974776e+15
499 2.981983e+15
500 2.989190e+15
501 2.992793e+15
502 2.996397e+15
503 2.996397e+15
504 2.996397e+15
505 3.000000e+15
506 3.003603e+15
507 3.007207e+15
508 3.010810e+15
509 3.010810e+15
510 3.010810e+15
511 3.010810e+15
512 3.010810e+15
513 3.014414e+15
514 3.014414e+15
515 3.014414e+15
516 3.018017e+15
517 3.021621e+15
518 3.028828e+15
519 3.028828e+15
520 3.032431e+15
521 3.036035e+15
522 3.043242e+15
523 3.043242e+15
524 3.046845e+15
525 3.050449e+15
526 3.050449e+15
527 3.050449e+15
528 3.050449e+15
529 3.057656e+15
530 3.057656e+15
531 3.061259e+15
532 3.064863e+15
533 3.064863e+15
534 3.068466e+15
535 3.068466e+15
536 3.072070e+15
537 3.075673e+15
538 3.075673e+15
539 3.075673e+15
540 3.079277e+15
541 3.082880e+15
542 3.082880e+15
543 3.082880e+15
544 3.086484e+15
545 3.093691e+15
546 3.093691e+15
547 3.097294e+15
548 3.100897e+15
549 3.100897e+15
550 3.115311e+15
551 3.118915e+15
552 3.118915e+15
553 3.118915e+15
554 3.118915e+15
555 3.118915e+15
556 3.122518e+15
557 3.122518e+15
558 3.122518e+15
559 3.126122e+15
560 3.126122e+15
561 3.129725e+15
562 3.129725e+15
563 3.133329e+15
564 3.133329e+15
565 3.136932e+15
566 3.140536e+15
567 3.144139e+15
568 3.147743e+15
569 3.147743e+15
570 3.147743e+15
571 3.162157e+15
572 3.180174e+15
573 3.180174e+15
574 3.180174e+15
575 3.183778e+15
576 3.183778e+15
577 3.190985e+15
578 3.190985e+15
579 3.198191e+15
580 3.209002e+15
581 3.209002e+15
582 3.212605e+15
583 3.216209e+15
584 3.219812e+15
585 3.219812e+15
586 3.219812e+15
587 3.223416e+15
588 3.227019e+15
589 3.227019e+15
590 3.237830e+15
591 3.245037e+15
592 3.245037e+15
593 3.245037e+15
594 3.245037e+15
595 3.248640e+15
596 3.252244e+15
597 3.252244e+15
598 3.252244e+15
599 3.255847e+15
600 3.259451e+15
601 3.263054e+15
602 3.263054e+15
603 3.263054e+15
604 3.266658e+15
605 3.270261e+15
606 3.273865e+15
607 3.273865e+15
608 3.277468e+15
609 3.277468e+15
610 3.284675e+15
611 3.288279e+15
612 3.288279e+15
613 3.288279e+15
614 3.291882e+15
615 3.291882e+15
616 3.299089e+15
617 3.302692e+15
618 3.306296e+15
619 3.306296e+15
620 3.306296e+15
621 3.313503e+15
622 3.313503e+15
623 3.317106e+15
624 3.320710e+15
625 3.320710e+15
626 3.324313e+15
627 3.327917e+15
628 3.327917e+15
629 3.327917e+15
630 3.327917e+15
631 3.331520e+15
632 3.335124e+15
633 3.335124e+15
634 3.335124e+15
635 3.338727e+15
636 3.342331e+15
637 3.345934e+15
638 3.345934e+15
639 3.349538e+15
640 3.349538e+15
641 3.353141e+15
642 3.363952e+15
643 3.363952e+15
644 3.374762e+15
645 3.374762e+15
646 3.378366e+15
647 3.385573e+15
648 3.389176e+15
649 3.392779e+15
650 3.396383e+15
651 3.399986e+15
652 3.407193e+15
653 3.410797e+15
654 3.410797e+15
655 3.414400e+15
656 3.421607e+15
657 3.425211e+15
658 3.428814e+15
659 3.432418e+15
660 3.436021e+15
661 3.439625e+15
662 3.439625e+15
663 3.443228e+15
664 3.446832e+15
665 3.450435e+15
666 3.454039e+15
667 3.454039e+15
668 3.457642e+15
669 3.461246e+15
670 3.468453e+15
671 3.468453e+15
672 3.468453e+15
673 3.475660e+15
674 3.475660e+15
675 3.475660e+15
676 3.482867e+15
677 3.482867e+15
678 3.486470e+15
679 3.493677e+15
680 3.493677e+15
681 3.500884e+15
682 3.504487e+15
683 3.508091e+15
684 3.511694e+15
685 3.518901e+15
686 3.522505e+15
687 3.522505e+15
688 3.533315e+15
689 3.533315e+15
690 3.536919e+15
691 3.540522e+15
692 3.540522e+15
693 3.544126e+15
694 3.544126e+15
695 3.544126e+15
696 3.547729e+15
697 3.569350e+15
698 3.572954e+15
699 3.576557e+15
700 3.580161e+15
701 3.580161e+15
702 3.587368e+15
703 3.587368e+15
704 3.590971e+15
705 3.598178e+15
706 3.601781e+15
707 3.608988e+15
708 3.608988e+15
709 3.608988e+15
710 3.619799e+15
711 3.619799e+15
712 3.623402e+15
713 3.627006e+15
714 3.630609e+15
715 3.630609e+15
716 3.630609e+15
717 3.641420e+15
718 3.645023e+15
719 3.652230e+15
720 3.663041e+15
721 3.663041e+15
722 3.666644e+15
723 3.666644e+15
724 3.670248e+15
725 3.673851e+15
726 3.677455e+15
727 3.677455e+15
728 3.684662e+15
729 3.688265e+15
730 3.691868e+15
731 3.695472e+15
732 3.699075e+15
733 3.699075e+15
734 3.699075e+15
735 3.699075e+15
736 3.706282e+15
737 3.706282e+15
738 3.709886e+15
739 3.713489e+15
740 3.720696e+15
741 3.724300e+15
742 3.727903e+15
743 3.731507e+15
744 3.735110e+15
745 3.738714e+15
746 3.742317e+15
747 3.745921e+15
748 3.753128e+15
749 3.756731e+15
750 3.756731e+15
751 3.760335e+15
752 3.767542e+15
753 3.767542e+15
754 3.771145e+15
755 3.774749e+15
756 3.774749e+15
757 3.785559e+15
758 3.789162e+15
759 3.789162e+15
760 3.796369e+15
761 3.799973e+15
762 3.803576e+15
763 3.803576e+15
764 3.807180e+15
765 3.807180e+15
766 3.810783e+15
767 3.817990e+15
768 3.828801e+15
769 3.832404e+15
770 3.832404e+15
771 3.832404e+15
772 3.832404e+15
773 3.836008e+15
774 3.836008e+15
775 3.836008e+15
776 3.839611e+15
777 3.839611e+15
778 3.843215e+15
779 3.843215e+15
780 3.846818e+15
781 3.846818e+15
782 3.850422e+15
783 3.854025e+15
784 3.857629e+15
785 3.857629e+15
786 3.857629e+15
787 3.857629e+15
788 3.861232e+15
789 3.872043e+15
790 3.875646e+15
791 3.879250e+15
792 3.882853e+15
793 3.882853e+15
794 3.886456e+15
795 3.886456e+15
796 3.886456e+15
797 3.890060e+15
798 3.908077e+15
799 3.911681e+15
800 3.911681e+15
801 3.911681e+15
802 3.915284e+15
803 3.922491e+15
804 3.944112e+15
805 3.947716e+15
806 3.951319e+15
807 3.951319e+15
808 3.951319e+15
809 3.962130e+15
810 3.965733e+15
811 3.972940e+15
812 3.972940e+15
813 3.976544e+15
814 3.976544e+15
815 3.983750e+15
816 3.983750e+15
817 3.994561e+15
818 4.001768e+15
819 4.005371e+15
820 4.012578e+15
821 4.016182e+15
822 4.019785e+15
823 4.026992e+15
824 4.034199e+15
825 4.037803e+15
826 4.037803e+15
827 4.055820e+15
828 4.055820e+15
829 4.055820e+15
830 4.055820e+15
831 4.059424e+15
832 4.066631e+15
833 4.066631e+15
834 4.070234e+15
835 4.073838e+15
836 4.077441e+15
837 4.088251e+15
838 4.091855e+15
839 4.099062e+15
840 4.102665e+15
841 4.109872e+15
842 4.109872e+15
843 4.120683e+15
844 4.120683e+15
845 4.120683e+15
846 4.120683e+15
847 4.124286e+15
848 4.127890e+15
849 4.127890e+15
850 4.131493e+15
851 4.149511e+15
852 4.156718e+15
853 4.160321e+15
854 4.160321e+15
855 4.167528e+15
856 4.171132e+15
857 4.171132e+15
858 4.171132e+15
859 4.181942e+15
860 4.185545e+15
861 4.185545e+15
862 4.189149e+15
863 4.192752e+15
864 4.192752e+15
865 4.199959e+15
866 4.203563e+15
867 4.203563e+15
868 4.207166e+15
869 4.210770e+15
870 4.210770e+15
871 4.210770e+15
872 4.228787e+15
873 4.235994e+15
874 4.246805e+15
875 4.250408e+15
876 4.250408e+15
877 4.264822e+15
878 4.272029e+15
879 4.275632e+15
880 4.282839e+15
881 4.282839e+15
882 4.290046e+15
883 4.308064e+15
884 4.311667e+15
885 4.315271e+15
886 4.318874e+15
887 4.322478e+15
888 4.326081e+15
889 4.354909e+15
890 4.365720e+15
891 4.365720e+15
892 4.369323e+15
893 4.376530e+15
894 4.376530e+15
895 4.376530e+15
896 4.383737e+15
897 4.387340e+15
898 4.390944e+15
899 4.394547e+15
900 4.405358e+15
901 4.412565e+15
902 4.423375e+15
903 4.430582e+15
904 4.441393e+15
905 4.448600e+15
906 4.455807e+15
907 4.463014e+15
908 4.473824e+15
909 4.481031e+15
910 4.481031e+15
911 4.481031e+15
912 4.484634e+15
913 4.484634e+15
914 4.484634e+15
915 4.488238e+15
916 4.495445e+15
917 4.495445e+15
918 4.502652e+15
919 4.502652e+15
920 4.502652e+15
921 4.506255e+15
922 4.506255e+15
923 4.506255e+15
924 4.524273e+15
925 4.524273e+15
926 4.531480e+15
927 4.542290e+15
928 4.549497e+15
929 4.549497e+15
930 4.567515e+15
931 4.567515e+15
932 4.585532e+15
933 4.596342e+15
934 4.599946e+15
935 4.607153e+15
936 4.635981e+15
937 4.635981e+15
938 4.657602e+15
939 4.664809e+15
940 4.682826e+15
941 4.686429e+15
942 4.693636e+15
943 4.697240e+15
944 4.697240e+15
945 4.697240e+15
946 4.700843e+15
947 4.704447e+15
948 4.711654e+15
949 4.715257e+15
950 4.733275e+15
951 4.740482e+15
952 4.758499e+15
953 4.758499e+15
954 4.762103e+15
955 4.762103e+15
956 4.772913e+15
957 4.780120e+15
958 4.783723e+15
959 4.787327e+15
960 4.837776e+15
961 4.841379e+15
962 4.863000e+15
963 4.899035e+15
964 4.909845e+15
965 4.920656e+15
966 4.924259e+15
967 4.967501e+15
968 4.989122e+15
969 5.003536e+15
970 5.003536e+15
971 5.021553e+15
972 5.021553e+15
973 5.046778e+15
974 5.057588e+15
975 5.072002e+15
976 5.079209e+15
977 5.086416e+15
978 5.090019e+15
979 5.111640e+15
980 5.118847e+15
981 5.162089e+15
982 5.187313e+15
983 5.190917e+15
984 5.234159e+15
985 5.237762e+15
986 5.241366e+15
987 5.248573e+15
988 5.262986e+15
989 5.288211e+15
990 5.309832e+15
991 5.320642e+15
992 5.324246e+15
993 5.327849e+15
994 5.331453e+15
995 5.479195e+15
996 5.500816e+15
997 5.536851e+15
998 5.583696e+15
999 5.803509e+15
1000 5.947648e+15
